version https://git-lfs.github.com/spec/v1
oid sha256:26f46373787e4aa4c64c60db8c5ad760664680677e842520d0746ccbd3c24521
size 737
